{
  "best_fit": {
    "params": [
      -180.68719136831498,
      6565.876128999614,
      7.287394049587509,
      970.45415669101,
      6571.341065449875,
      7.283827397921069,
      -42.334684258932214
    ],
    "param_errors": [
      19.33250288453824,
      0.13042859604353285,
      0.26372361987749937,
      13.551245305364573,
      0.06832924166193603,
      0.3333269528258308,
      3.183937571426949
    ],
    "fit_info": {
      "fitted_curve": [
        0.9531811278510389,
        1.0628424942152606,
        1.1702253085782104,
        1.2960446412872386,
        1.4686944987672348,
        1.726006512225979,
        2.117187317838983,
        2.7048563334798246,
        3.5670525054721622,
        4.799014612934116,
        6.514471105365601,
        8.846114407791475,
        11.944900107062864,
        15.977827792639687,
        21.123952502335413,
        27.56856024150875,
        35.49571410872866,
        45.07970440454659,
        56.47624823616667,
        69.81449098105301,
        85.19087819797366,
        102.6657473322683,
        122.2630566553747,
        143.97311721048834,
        167.75765707303128,
        193.55615525128744,
        221.29221385065892,
        250.87879913426838,
        282.22142061406316,
        315.2186475951446,
        349.75970444432653,
        385.7191876745577,
        422.9491944969857,
        461.2693586680151,
        500.45548660824545,
        540.2277071208749,
        580.2393101805856,
        620.0677466284293,
        659.2095472937194,
        697.0811115634501,
        733.027288883626,
        766.3392927161705,
        796.2826316965138,
        822.1343912076426,
        843.227475612161,
        858.9976368318743,
        869.0277287015873,
        873.0831266117444,
        871.132970267294,
        863.3538279907277,
        850.1151561169315,
        831.9488573478209,
        809.507592112966,
        783.51773816521,
        754.7328681879442,
        723.892537582542,
        691.6894933314999,
        658.7466219546137,
        625.6034322556112,
        592.7108189247309,
        560.4323077574901,
        529.0498589690355,
        498.7724683351345,
        469.7461233261048,
        442.0640376144563,
        415.77643340571797,
        390.8994309120709,
        367.4228259830005,
        345.316693326359,
        324.5368541497237,
        305.0293060165146,
        286.7337412564063,
        269.58628845098065,
        253.52160710048932,
        238.47445414656272,
        224.3808263743107,
        211.17876727323647,
        198.80891212565814,
        187.21483168333884,
        176.34322310433373,
        166.14398690748985
      ],
      "residuals": [
        0.0668188721489611,
        -0.012842494215260514,
        -0.05022530857821028,
        -0.05604464128723863,
        -0.03869449876723485,
        -0.006006512225978922,
        0.03281268216101685,
        0.07514366652017523,
        0.10294749452783769,
        0.12098538706588435,
        0.10552889463439907,
        0.04388559220852528,
        -0.10490010706286412,
        -0.30782779263968685,
        -0.543952502335415,
        -0.7885602415087476,
        -0.9757141087286598,
        -1.0997044045465927,
        -1.0862482361666679,
        -0.8744909810530146,
        -0.4108781979736591,
        0.3142526677317079,
        1.316943344625301,
        2.5468827895116704,
        3.9623429269687165,
        5.4638447487125745,
        6.947786149341084,
        8.30120086573163,
        9.38857938593685,
        10.06135240485537,
        10.24029555567347,
        9.780812325442298,
        8.570805503014299,
        6.510641331984857,
        3.55451339175454,
        -0.27770712087487937,
        -4.919310180585512,
        -10.207746628429277,
        -15.90954729371947,
        -21.701111563450127,
        -27.187288883626024,
        -31.919292716170503,
        -35.40263169651382,
        -37.15439120764256,
        -36.747475612161,
        -33.85763683187429,
        -28.29772870158729,
        -20.073126611744442,
        -9.372970267294022,
        3.396172009272277,
        17.65484388306845,
        32.66114265217914,
        47.562407887034055,
        62.422261834790106,
        76.2871318120558,
        88.237462417458,
        97.41050666850015,
        103.00337804538628,
        105.30656774438876,
        103.69918107526905,
        97.64769224250995,
        86.73014103096443,
        70.58753166486554,
        48.95387667389525,
        21.615962385543696,
        -11.566433405717987,
        -50.68943091207092,
        -95.8128259830005,
        -146.95669332635896,
        -204.1268541497237,
        -267.3093060165146,
        -274.2837412564063,
        -260.66628845098063,
        -246.63160710048933,
        -232.80445414656273,
        -219.4608263743107,
        -206.72876727323649,
        -194.65891212565813,
        -183.25483168333884,
        -172.50322310433373,
        -162.38398690748986
      ],
      "covariance_matrix": [
        [
          171.86110313773526,
          -1.1075401786792891,
          -2.137818771908733,
          -23.197626317678665,
          0.22088718660213275,
          -2.684578924407119,
          8.835642205518589
        ],
        [
          -1.1075401786792893,
          0.00782252692703714,
          0.015167292855285435,
          0.20785650554535282,
          -0.0019942273992960393,
          0.015151533637083983,
          -0.011218184032158539
        ],
        [
          -2.137818771908733,
          0.015167292855285433,
          0.03198154824075024,
          0.3972984295392551,
          -0.003228199991382741,
          0.029366293623711043,
          0.022827916691780036
        ],
        [
          -23.197626317678665,
          0.20785650554535282,
          0.39729842953925515,
          84.44225874958077,
          0.08965571282058449,
          0.013913653423081894,
          1.5533921119027068
        ],
        [
          0.22088718660213275,
          -0.0019942273992960393,
          -0.0032281999913827413,
          0.08965571282058449,
          0.002146913908111202,
          -0.0006641710158180925,
          -0.037941392949082595
        ],
        [
          -2.6845789244071185,
          0.01515153363708398,
          0.029366293623711043,
          0.013913653423081805,
          -0.0006641710158180926,
          0.05109075164962607,
          -0.3059842408274515
        ],
        [
          8.835642205518589,
          -0.01121818403215854,
          0.02282791669178,
          1.5533921119027068,
          -0.037941392949082595,
          -0.3059842408274515,
          4.661551808956641
        ]
      ],
      "correlation_matrix": [
        [
          1.0,
          -0.9552062585730935,
          -0.9118687793143258,
          -0.19256388080119527,
          0.36364231294580485,
          -0.9059750398883075,
          0.3121648975900464
        ],
        [
          -0.9552062585730937,
          1.0,
          0.9589253435902922,
          0.25574677590922396,
          -0.4866243434247744,
          0.7579000136513178,
          -0.058746739678872555
        ],
        [
          -0.9118687793143258,
          0.9589253435902921,
          1.0,
          0.24176152436154652,
          -0.3895860298539592,
          0.7264876713773114,
          0.059122294324116184
        ],
        [
          -0.19256388080119527,
          0.25574677590922396,
          0.24176152436154655,
          0.9999999999999998,
          0.21056720487204555,
          0.006698693612918139,
          0.07829534045637838
        ],
        [
          0.36364231294580485,
          -0.4866243434247744,
          -0.38958602985395924,
          0.21056720487204555,
          0.9999999999999998,
          -0.06341638159249068,
          -0.3792631945117951
        ],
        [
          -0.9059750398883074,
          0.7579000136513176,
          0.7264876713773114,
          0.006698693612918097,
          -0.06341638159249068,
          1.0,
          -0.6269929473631215
        ],
        [
          0.3121648975900464,
          -0.05874673967887256,
          0.059122294324116094,
          0.07829534045637838,
          -0.3792631945117951,
          -0.6269929473631215,
          0.9999999999999998
        ]
      ],
      "confidence_intervals": {
        "lower": [
          -199.91255126401933,
          6565.746423254082,
          7.0251320168117175,
          956.978013969781,
          6571.2731148968505,
          6.952347781997136,
          -45.50097607648546
        ],
        "upper": [
          -161.46183147261064,
          6566.005834745145,
          7.549656082363301,
          983.9302994122389,
          6571.409016002899,
          7.615307013845002,
          -39.16839244137897
        ],
        "level": 0.68
      },
      "n_components": 2,
      "chi_squared": 160.92751012778544,
      "reduced_chi_squared": 2.174696082807911,
      "degrees_of_freedom": 74,
      "aic": 174.92751012778544,
      "aicc": 176.46175670312792,
      "bic": 191.6886542104925,
      "n_points": 81,
      "n_params": 7,
      "r_squared": 0.9176585125000192,
      "rmse": 94.34844789133943,
      "mae": 54.319837945267764,
      "nrmse": 0.2748638679425592,
      "weighted_chi_squared": 160.92751012778544,
      "weighted_rmse": 1.4095245241902132,
      "residual_std": 90.72161708994447,
      "residual_mean": -25.907871624089182
    }
  },
  "model_name": "2_components",
  "n_components": 2,
  "selection_summary": {
    "selected_model": "2_components",
    "selection_confidence": "automated",
    "selection_rationale": [
      "Automated model selection"
    ],
    "alternative_models": []
  },
  "all_models": {
    "fit_results": {
      "0_components": {
        "params": [
          343.25518518518516
        ],
        "param_errors": [
          36.53279471495218
        ],
        "n_components": 0
      },
      "1_component": {
        "params": [
          892.6053289660197,
          6569.816052575243,
          1.7720994055581663,
          -11.734086869529527
        ],
        "param_errors": [
          158.46661549055926,
          0.1745872905048461,
          0.21442401189288338,
          1.7288786649480292
        ],
        "n_components": 1
      },
      "2_components": {
        "params": [
          -180.68719136831498,
          6565.876128999614,
          7.287394049587509,
          970.45415669101,
          6571.341065449875,
          7.283827397921069,
          -42.334684258932214
        ],
        "param_errors": [
          19.33250288453824,
          0.13042859604353285,
          0.26372361987749937,
          13.551245305364573,
          0.06832924166193603,
          0.3333269528258308,
          3.183937571426949
        ],
        "n_components": 2
      },
      "3_components": {
        "params": [
          -1552.408450408251,
          6562.624109783782,
          31.999999999999996,
          -679.7693705931136,
          6576.273303164059,
          0.8057762418300268,
          -803.279657718708,
          6577.572228460287,
          0.9455312855546862,
          1553.7732597183035
        ],
        "param_errors": [
          1795.3935952464428,
          0.06454247293519197,
          19.378892515343605,
          791.976419354577,
          0.5077669445653413,
          1.7910513880758472,
          834.0361115253963,
          0.5239352279279328,
          2.2307612537637533,
          1797.4003080836562
        ],
        "n_components": 3
      }
    },
    "statistics": {
      "0_components": {
        "fitted_curve": [
          343.25518518518516,
          343.25518518518516,
          343.25518518518516,
          343.25518518518516,
          343.25518518518516,
          343.25518518518516,
          343.25518518518516,
          343.25518518518516,
          343.25518518518516,
          343.25518518518516,
          343.25518518518516,
          343.25518518518516,
          343.25518518518516,
          343.25518518518516,
          343.25518518518516,
          343.25518518518516,
          343.25518518518516,
          343.25518518518516,
          343.25518518518516,
          343.25518518518516,
          343.25518518518516,
          343.25518518518516,
          343.25518518518516,
          343.25518518518516,
          343.25518518518516,
          343.25518518518516,
          343.25518518518516,
          343.25518518518516,
          343.25518518518516,
          343.25518518518516,
          343.25518518518516,
          343.25518518518516,
          343.25518518518516,
          343.25518518518516,
          343.25518518518516,
          343.25518518518516,
          343.25518518518516,
          343.25518518518516,
          343.25518518518516,
          343.25518518518516,
          343.25518518518516,
          343.25518518518516,
          343.25518518518516,
          343.25518518518516,
          343.25518518518516,
          343.25518518518516,
          343.25518518518516,
          343.25518518518516,
          343.25518518518516,
          343.25518518518516,
          343.25518518518516,
          343.25518518518516,
          343.25518518518516,
          343.25518518518516,
          343.25518518518516,
          343.25518518518516,
          343.25518518518516,
          343.25518518518516,
          343.25518518518516,
          343.25518518518516,
          343.25518518518516,
          343.25518518518516,
          343.25518518518516,
          343.25518518518516,
          343.25518518518516,
          343.25518518518516,
          343.25518518518516,
          343.25518518518516,
          343.25518518518516,
          343.25518518518516,
          343.25518518518516,
          343.25518518518516,
          343.25518518518516,
          343.25518518518516,
          343.25518518518516,
          343.25518518518516,
          343.25518518518516,
          343.25518518518516,
          343.25518518518516,
          343.25518518518516,
          343.25518518518516
        ],
        "residuals": [
          -342.2351851851852,
          -342.20518518518514,
          -342.13518518518515,
          -342.01518518518515,
          -341.82518518518515,
          -341.5351851851851,
          -341.1051851851852,
          -340.4751851851852,
          -339.58518518518514,
          -338.33518518518514,
          -336.63518518518515,
          -334.36518518518517,
          -331.4151851851852,
          -327.58518518518514,
          -322.67518518518517,
          -316.4751851851852,
          -308.7351851851852,
          -299.27518518518514,
          -287.86518518518517,
          -274.31518518518516,
          -258.4751851851852,
          -240.27518518518514,
          -219.67518518518517,
          -196.73518518518514,
          -171.53518518518516,
          -144.23518518518514,
          -115.01518518518515,
          -84.07518518518515,
          -51.64518518518514,
          -17.975185185185182,
          16.744814814814845,
          52.244814814814845,
          88.26481481481483,
          124.52481481481482,
          160.75481481481484,
          196.6948148148149,
          232.0648148148149,
          266.60481481481486,
          300.0448148148148,
          332.12481481481484,
          362.5848148148149,
          391.1648148148148,
          417.62481481481484,
          441.72481481481486,
          463.22481481481486,
          481.88481481481483,
          497.47481481481486,
          509.75481481481484,
          518.5048148148148,
          523.4948148148148,
          524.5148148148148,
          521.3548148148149,
          513.8148148148149,
          502.6848148148149,
          487.7648148148148,
          468.87481481481484,
          445.84481481481487,
          418.49481481481484,
          387.6548148148148,
          353.1548148148148,
          314.8248148148149,
          272.5248148148148,
          226.10481481481486,
          175.4448148148149,
          120.42481481481485,
          60.954814814814824,
          -3.0451851851851757,
          -71.64518518518514,
          -144.89518518518514,
          -222.84518518518516,
          -305.5351851851851,
          -330.80518518518517,
          -334.33518518518514,
          -336.36518518518517,
          -337.58518518518514,
          -338.33518518518514,
          -338.80518518518517,
          -339.1051851851852,
          -339.2951851851852,
          -339.4151851851852,
          -339.49518518518516
        ],
        "chi_squared": 238665346.50252983,
        "reduced_chi_squared": 2983316.831281623,
        "degrees_of_freedom": 80,
        "aic": 238665348.50252983,
        "bic": 238665350.89697897,
        "n_params": 1,
        "n_points": 81,
        "r_squared": 0.0,
        "rmse": 328.7951524345696,
        "mae": 300.5418106995885,
        "nrmse": 0.9578738111623445,
        "weighted_chi_squared": 238665346.50252983,
        "weighted_rmse": 1716.5330638500652,
        "residual_std": 328.7951524345696,
        "residual_mean": 2.9474365335233784e-14
      },
      "1_component": {
        "fitted_curve": [
          -0.4086468615369494,
          0.18593500786055905,
          0.8283647073448233,
          1.5238898232337732,
          2.2784934016338134,
          3.0990204180975827,
          3.993330190341469,
          4.97048095233588,
          6.040954521862194,
          7.216931243625105,
          8.512628364609018,
          9.944718959051933,
          11.532853834839269,
          13.300316039407107,
          15.274847380950352,
          17.489699852528375,
          19.984983532361525,
          22.809408686715862,
          26.022556742357764,
          29.69786745884023,
          33.9266053992135,
          38.82317876914277,
          44.532344594435415,
          51.23907116088187,
          59.18217896287914,
          68.67339894961282,
          80.12424443844822,
          94.08417414255842,
          111.29497566607168,
          132.7679662666838,
          159.8916151410545,
          194.57443796215077,
          239.4120262612133,
          297.8114554652037,
          373.84539021187453,
          471.21403882920305,
          589.9895183375766,
          719.618514024446,
          830.7780298899111,
          880.5783617619873,
          843.9900428599253,
          739.7623791994632,
          610.5761015658848,
          488.93851293211753,
          387.9668009349956,
          308.71828050284773,
          247.77252103209807,
          201.00904098073295,
          164.89123352396987,
          136.69860043831963,
          114.42374594367291,
          96.60525703219812,
          82.17942044805375,
          70.36708508532851,
          60.592089915952634,
          52.42370440959974,
          45.536236579559144,
          39.68061626727192,
          34.66426794265924,
          30.336727001205716,
          26.579257478697862,
          23.29727979717824,
          20.414790203929734,
          17.870205825313445,
          15.61324040522343,
          13.60253263739067,
          11.803829392146529,
          10.188581933766717,
          8.732852304922208,
          7.416454681196409,
          6.222276208543555,
          5.135736026421647,
          4.1443514847215415,
          3.2373881115318017,
          2.405575463811381,
          1.6408751430432424,
          0.9362903709757404,
          0.2857088724179224,
          -0.31622739828887525,
          -0.874230779723808,
          -1.3924587106442523
        ],
        "residuals": [
          1.4286468615369494,
          0.864064992139441,
          0.29163529265517685,
          -0.2838898232337732,
          -0.8484934016338135,
          -1.3790204180975827,
          -1.8433301903414692,
          -2.19048095233588,
          -2.3709545218621937,
          -2.296931243625105,
          -1.8926283646090178,
          -1.0547189590519324,
          0.3071461651607308,
          2.3696839605928925,
          5.305152619049647,
          9.290300147471626,
          14.535016467638478,
          21.170591313284135,
          29.367443257642236,
          39.24213254115977,
          50.8533946007865,
          64.15682123085723,
          79.04765540556458,
          95.28092883911813,
          112.53782103712086,
          130.3466010503872,
          148.1157555615518,
          165.09582585744158,
          180.31502433392833,
          192.51203373331617,
          200.1083848589455,
          200.92556203784923,
          192.10797373878668,
          169.96854453479625,
          130.16460978812546,
          68.735961170797,
          -14.669518337576505,
          -109.75851402444596,
          -187.4780298899111,
          -205.19836176198726,
          -138.1500428599253,
          -5.342379199463267,
          150.30389843411524,
          296.0414870678825,
          418.5131990650044,
          516.4217194971523,
          592.9574789679019,
          652.000959019267,
          696.8687664760301,
          730.0513995616803,
          753.3462540563271,
          768.0047429678019,
          774.8905795519463,
          775.5729149146715,
          770.4279100840473,
          759.7062955904003,
          743.5637634204409,
          722.069383732728,
          696.2457320573408,
          666.0732729987942,
          631.5007425213022,
          592.4827202028217,
          548.9452097960702,
          500.8297941746866,
          448.06675959477656,
          390.6074673626093,
          328.4061706078534,
          261.4214180662333,
          189.6271476950778,
          112.99354531880358,
          31.497723791456444,
          7.314263973578353,
          4.7756485152784585,
          3.652611888468198,
          3.264424536188619,
          3.2791248569567575,
          3.5137096290242598,
          3.864291127582078,
          4.276227398288875,
          4.714230779723808,
          5.152458710644252
        ],
        "covariance_matrix": [
          [
            147.19555191279605,
            0.024035426361432556,
            -0.15455256479874252,
            0.18001956528763188
          ],
          [
            0.024035426361432556,
            0.0001786670108151227,
            5.954333753507719e-05,
            -0.000583131372242508
          ],
          [
            -0.15455256479874252,
            5.954333753507719e-05,
            0.00026950445979565706,
            -0.0014706928970596325
          ],
          [
            0.18001956528763188,
            -0.000583131372242508,
            -0.0014706928970596325,
            0.017520566786700286
          ]
        ],
        "correlation_matrix": [
          [
            1.0000000000000002,
            0.14821163612326868,
            -0.7759717225095772,
            0.11209810985291953
          ],
          [
            0.14821163612326868,
            1.0,
            0.2713488655476112,
            -0.32958705472979927
          ],
          [
            -0.7759717225095772,
            0.2713488655476112,
            1.0,
            -0.6768071546528729
          ],
          [
            0.11209810985291953,
            -0.32958705472979927,
            -0.6768071546528729,
            1.0000000000000002
          ]
        ],
        "confidence_intervals": {
          "lower": [
            735.0169539658641,
            6569.642432867892,
            1.5588637565818264,
            -13.45338388700025
          ],
          "upper": [
            1050.1937039661752,
            6569.989672282593,
            1.985335054534506,
            -10.014789852058804
          ],
          "level": 0.68
        },
        "chi_squared": 13136.256009101795,
        "reduced_chi_squared": 170.6007273909324,
        "degrees_of_freedom": 77,
        "aic": 13144.256009101795,
        "aicc": 13144.782324891268,
        "bic": 13153.833805720486,
        "n_points": 81,
        "n_params": 4,
        "r_squared": -0.1661747655220045,
        "rmse": 355.064477786758,
        "mae": 228.91910436242912,
        "nrmse": 1.0344038287293513,
        "weighted_chi_squared": 13136.256009101795,
        "weighted_rmse": 12.734834121902328,
        "residual_std": 284.635103411493,
        "residual_mean": 212.25843043778468
      },
      "2_components": {
        "fitted_curve": [
          0.9531811278510389,
          1.0628424942152606,
          1.1702253085782104,
          1.2960446412872386,
          1.4686944987672348,
          1.726006512225979,
          2.117187317838983,
          2.7048563334798246,
          3.5670525054721622,
          4.799014612934116,
          6.514471105365601,
          8.846114407791475,
          11.944900107062864,
          15.977827792639687,
          21.123952502335413,
          27.56856024150875,
          35.49571410872866,
          45.07970440454659,
          56.47624823616667,
          69.81449098105301,
          85.19087819797366,
          102.6657473322683,
          122.2630566553747,
          143.97311721048834,
          167.75765707303128,
          193.55615525128744,
          221.29221385065892,
          250.87879913426838,
          282.22142061406316,
          315.2186475951446,
          349.75970444432653,
          385.7191876745577,
          422.9491944969857,
          461.2693586680151,
          500.45548660824545,
          540.2277071208749,
          580.2393101805856,
          620.0677466284293,
          659.2095472937194,
          697.0811115634501,
          733.027288883626,
          766.3392927161705,
          796.2826316965138,
          822.1343912076426,
          843.227475612161,
          858.9976368318743,
          869.0277287015873,
          873.0831266117444,
          871.132970267294,
          863.3538279907277,
          850.1151561169315,
          831.9488573478209,
          809.507592112966,
          783.51773816521,
          754.7328681879442,
          723.892537582542,
          691.6894933314999,
          658.7466219546137,
          625.6034322556112,
          592.7108189247309,
          560.4323077574901,
          529.0498589690355,
          498.7724683351345,
          469.7461233261048,
          442.0640376144563,
          415.77643340571797,
          390.8994309120709,
          367.4228259830005,
          345.316693326359,
          324.5368541497237,
          305.0293060165146,
          286.7337412564063,
          269.58628845098065,
          253.52160710048932,
          238.47445414656272,
          224.3808263743107,
          211.17876727323647,
          198.80891212565814,
          187.21483168333884,
          176.34322310433373,
          166.14398690748985
        ],
        "residuals": [
          0.0668188721489611,
          -0.012842494215260514,
          -0.05022530857821028,
          -0.05604464128723863,
          -0.03869449876723485,
          -0.006006512225978922,
          0.03281268216101685,
          0.07514366652017523,
          0.10294749452783769,
          0.12098538706588435,
          0.10552889463439907,
          0.04388559220852528,
          -0.10490010706286412,
          -0.30782779263968685,
          -0.543952502335415,
          -0.7885602415087476,
          -0.9757141087286598,
          -1.0997044045465927,
          -1.0862482361666679,
          -0.8744909810530146,
          -0.4108781979736591,
          0.3142526677317079,
          1.316943344625301,
          2.5468827895116704,
          3.9623429269687165,
          5.4638447487125745,
          6.947786149341084,
          8.30120086573163,
          9.38857938593685,
          10.06135240485537,
          10.24029555567347,
          9.780812325442298,
          8.570805503014299,
          6.510641331984857,
          3.55451339175454,
          -0.27770712087487937,
          -4.919310180585512,
          -10.207746628429277,
          -15.90954729371947,
          -21.701111563450127,
          -27.187288883626024,
          -31.919292716170503,
          -35.40263169651382,
          -37.15439120764256,
          -36.747475612161,
          -33.85763683187429,
          -28.29772870158729,
          -20.073126611744442,
          -9.372970267294022,
          3.396172009272277,
          17.65484388306845,
          32.66114265217914,
          47.562407887034055,
          62.422261834790106,
          76.2871318120558,
          88.237462417458,
          97.41050666850015,
          103.00337804538628,
          105.30656774438876,
          103.69918107526905,
          97.64769224250995,
          86.73014103096443,
          70.58753166486554,
          48.95387667389525,
          21.615962385543696,
          -11.566433405717987,
          -50.68943091207092,
          -95.8128259830005,
          -146.95669332635896,
          -204.1268541497237,
          -267.3093060165146,
          -274.2837412564063,
          -260.66628845098063,
          -246.63160710048933,
          -232.80445414656273,
          -219.4608263743107,
          -206.72876727323649,
          -194.65891212565813,
          -183.25483168333884,
          -172.50322310433373,
          -162.38398690748986
        ],
        "covariance_matrix": [
          [
            171.86110313773526,
            -1.1075401786792891,
            -2.137818771908733,
            -23.197626317678665,
            0.22088718660213275,
            -2.684578924407119,
            8.835642205518589
          ],
          [
            -1.1075401786792893,
            0.00782252692703714,
            0.015167292855285435,
            0.20785650554535282,
            -0.0019942273992960393,
            0.015151533637083983,
            -0.011218184032158539
          ],
          [
            -2.137818771908733,
            0.015167292855285433,
            0.03198154824075024,
            0.3972984295392551,
            -0.003228199991382741,
            0.029366293623711043,
            0.022827916691780036
          ],
          [
            -23.197626317678665,
            0.20785650554535282,
            0.39729842953925515,
            84.44225874958077,
            0.08965571282058449,
            0.013913653423081894,
            1.5533921119027068
          ],
          [
            0.22088718660213275,
            -0.0019942273992960393,
            -0.0032281999913827413,
            0.08965571282058449,
            0.002146913908111202,
            -0.0006641710158180925,
            -0.037941392949082595
          ],
          [
            -2.6845789244071185,
            0.01515153363708398,
            0.029366293623711043,
            0.013913653423081805,
            -0.0006641710158180926,
            0.05109075164962607,
            -0.3059842408274515
          ],
          [
            8.835642205518589,
            -0.01121818403215854,
            0.02282791669178,
            1.5533921119027068,
            -0.037941392949082595,
            -0.3059842408274515,
            4.661551808956641
          ]
        ],
        "correlation_matrix": [
          [
            1.0,
            -0.9552062585730935,
            -0.9118687793143258,
            -0.19256388080119527,
            0.36364231294580485,
            -0.9059750398883075,
            0.3121648975900464
          ],
          [
            -0.9552062585730937,
            1.0,
            0.9589253435902922,
            0.25574677590922396,
            -0.4866243434247744,
            0.7579000136513178,
            -0.058746739678872555
          ],
          [
            -0.9118687793143258,
            0.9589253435902921,
            1.0,
            0.24176152436154652,
            -0.3895860298539592,
            0.7264876713773114,
            0.059122294324116184
          ],
          [
            -0.19256388080119527,
            0.25574677590922396,
            0.24176152436154655,
            0.9999999999999998,
            0.21056720487204555,
            0.006698693612918139,
            0.07829534045637838
          ],
          [
            0.36364231294580485,
            -0.4866243434247744,
            -0.38958602985395924,
            0.21056720487204555,
            0.9999999999999998,
            -0.06341638159249068,
            -0.3792631945117951
          ],
          [
            -0.9059750398883074,
            0.7579000136513176,
            0.7264876713773114,
            0.006698693612918097,
            -0.06341638159249068,
            1.0,
            -0.6269929473631215
          ],
          [
            0.3121648975900464,
            -0.05874673967887256,
            0.059122294324116094,
            0.07829534045637838,
            -0.3792631945117951,
            -0.6269929473631215,
            0.9999999999999998
          ]
        ],
        "confidence_intervals": {
          "lower": [
            -199.91255126401933,
            6565.746423254082,
            7.0251320168117175,
            956.978013969781,
            6571.2731148968505,
            6.952347781997136,
            -45.50097607648546
          ],
          "upper": [
            -161.46183147261064,
            6566.005834745145,
            7.549656082363301,
            983.9302994122389,
            6571.409016002899,
            7.615307013845002,
            -39.16839244137897
          ],
          "level": 0.68
        },
        "n_components": 2,
        "chi_squared": 160.92751012778544,
        "reduced_chi_squared": 2.174696082807911,
        "degrees_of_freedom": 74,
        "aic": 174.92751012778544,
        "aicc": 176.46175670312792,
        "bic": 191.6886542104925,
        "n_points": 81,
        "n_params": 7,
        "r_squared": 0.9176585125000192,
        "rmse": 94.34844789133943,
        "mae": 54.319837945267764,
        "nrmse": 0.2748638679425592,
        "weighted_chi_squared": 160.92751012778544,
        "weighted_rmse": 1.4095245241902132,
        "residual_std": 90.72161708994447,
        "residual_mean": -25.907871624089182
      },
      "3_components": {
        "fitted_curve": [
          2.4423903301510466,
          1.1390794521074232,
          0.31733675451907495,
          -0.02144852126048702,
          0.12320086417210374,
          0.7508470073502829,
          1.8601379235952562,
          3.448812790942977,
          5.51371131829508,
          8.05078714246612,
          11.055125122869471,
          14.52096236761976,
          18.44171279244718,
          22.809994983219354,
          27.617663104943926,
          32.8558405755115,
          38.51495619971054,
          44.58478244075852,
          51.05447549033376,
          57.91261678511544,
          65.14725560836605,
          72.74595240653183,
          80.69582244650897,
          88.98357943502012,
          97.59557871895224,
          106.51785968417586,
          115.73618696647291,
          125.23609008548566,
          135.0029011051166,
          145.02178991282292,
          155.27779669424456,
          165.75586115291387,
          176.44084799027567,
          187.31756810983927,
          198.37079493984373,
          209.58527517580262,
          220.94573311640812,
          232.43686759980056,
          244.04334032267653,
          255.74975402782997,
          267.5406186521497,
          279.40030299902406,
          291.3129687961138,
          303.2624830486988,
          315.23230331000406,
          327.20532872748583,
          339.1637072863861,
          351.08858627429595,
          362.95978819043614,
          374.75538746373695,
          386.45115340570663,
          398.0198102069275,
          409.4300429495302,
          420.64514540220546,
          431.6211539106477,
          442.30423029775096,
          452.62692496396204,
          462.5027328692691,
          471.8179825752786,
          480.4194441621463,
          488.09485368954347,
          494.54131456679454,
          499.3121519965016,
          501.7238268364245,
          500.68531385684696,
          494.369402158087,
          479.5461844819471,
          450.17308796989005,
          394.4235075889153,
          289.72541879745916,
          107.84254992916051,
          -92.03867848205995,
          -68.71828130197481,
          109.49315864137617,
          214.15106532725326,
          209.1151967474559,
          101.47963415369674,
          -70.30918049418904,
          -131.6125882566423,
          40.35274868489546,
          269.92960348829354
        ],
        "residuals": [
          -1.4223903301510465,
          -0.08907945210742318,
          0.8026632454809252,
          1.261448521260487,
          1.3067991358278963,
          0.9691529926497171,
          0.2898620764047437,
          -0.6688127909429773,
          -1.84371131829508,
          -3.1307871424661204,
          -4.435125122869471,
          -5.630962367619759,
          -6.601712792447181,
          -7.1399949832193546,
          -7.0376631049439276,
          -6.075840575511499,
          -3.9949561997105363,
          -0.6047824407585196,
          4.335524509666243,
          11.027383214884559,
          19.63274439163395,
          30.234047593468176,
          42.88417755349103,
          57.53642056497989,
          74.12442128104776,
          92.50214031582415,
          112.5038130335271,
          133.94390991451434,
          156.60709889488342,
          180.25821008717705,
          204.72220330575544,
          229.74413884708613,
          255.0791520097243,
          280.4624318901607,
          305.63920506015626,
          330.3647248241974,
          354.37426688359193,
          377.42313240019945,
          399.25665967732346,
          419.63024597217003,
          438.29938134785033,
          455.0196970009759,
          469.5670312038862,
          481.7175169513012,
          491.24769668999596,
          497.93467127251415,
          501.5662927136139,
          501.92141372570404,
          498.80021180956385,
          491.99461253626305,
          481.31884659429335,
          466.5901897930725,
          447.63995705046983,
          425.2948545977946,
          399.3988460893523,
          369.82576970224903,
          336.473075036038,
          299.2472671307309,
          259.09201742472135,
          215.99055583785366,
          169.98514631045657,
          121.23868543320543,
          70.04784800349842,
          16.976173163575538,
          -37.00531385684695,
          -90.159402158087,
          -139.3361844819471,
          -178.56308796989003,
          -196.0635075889153,
          -169.31541879745916,
          -70.12254992916051,
          104.48867848205995,
          77.63828130197481,
          -102.60315864137617,
          -208.48106532725328,
          -204.19519674745592,
          -97.02963415369673,
          74.45918049418904,
          135.57258825664232,
          -36.512748684895456,
          -266.16960348829355
        ],
        "covariance_matrix": [
          [
            20354.569745940178,
            0.3468767479053989,
            -218.92167925202992,
            1078.7073453044254,
            0.3786086365426082,
            -7.813121838328007,
            2663.402431649117,
            -0.8801225344570993,
            -3.962343870871835,
            -20377.300430062598
          ],
          [
            0.3468767479053989,
            2.6304726230255953e-05,
            -0.003944821229360707,
            -0.04990745844648199,
            2.3640562038324935e-05,
            -0.00017480481106165463,
            -0.024670180874063086,
            -2.8251101367930418e-05,
            -0.0003401980498825914,
            -0.347692686254222
          ],
          [
            -218.92167925202995,
            -0.003944821229360707,
            2.3713763888235664,
            -11.88917356686417,
            -0.003934724809608488,
            0.08241906433776341,
